
f15 <-c("209683_at","200779_at","203657_s_at","201425_at","217752_s_at","200783_s_at",
        "202486_at","202951_at","208644_at","202470_s_at","212098_at","228737_at",
        "204072_s_at","228677_s_at","1565162_s_at","231736_x_at")

f70 <- c("202345_s_at","1555864_s_at","204033_at","206513_at","1555274_a_at","211576_s_at",
         "204016_at","1565951_s_at","219918_s_at","201947_s_at","213535_s_at","204092_s_at",
         "213607_x_at","208117_s_at","210334_x_at","204023_at","201897_s_at","216194_s_at",
         "225834_at","238952_x_at","200634_at","208931_s_at","206332_s_at","220789_s_at",
         "218947_s_at","213310_at","224523_s_at","201231_s_at","217901_at","226936_at",
         "58696_at","200916_at","201614_s_at","200966_x_at","225082_at","242488_at","243011_at",
         "201105_at","224200_s_at","222417_s_at","210460_s_at","200750_s_at","206364_at",
         "201091_s_at","203432_at","221970_s_at","212533_at","213194_at","244686_at",
         "200638_s_at","205235_s_at", "201921_at","227278_at","209740_s_at","227547_at","225582_at","200850_s_at","213628_at",
         "209717_at","222495_at","1557277_a_at","1554736_at","218924_s_at","226954_at",
         "202838_at","230192_at","48106_at","237964_at","202729_s_at","212435_at")

f92 <- c('204379_s_at','202728_s_at','239054_at','202842_s_at','213002_at',
         '210334_x_at','201795_at','38158_at','208232_x_at','201307_at','226742_at',
         '205046_at','204026_s_at','226218_at','217824_at','233399_x_at','224009_x_at',
         '215177_s_at','202532_s_at','238662_at','212788_x_at','220351_at','202542_s_at',
         '243018_at','209683_at','212282_at','208967_s_at','225366_at','217852_s_at',
         '225601_at','231210_at','214482_at','208942_s_at','219550_at','231989_s_at',
         '202553_s_at','223811_s_at','221041_s_at','221677_s_at','213350_at','200775_s_at',
         '226217_at','217728_at','201930_at','216473_x_at','211714_x_at','221755_at',
         'AFFX-HUMISGF3A/M97935_MA_at','206204_at','217548_at','215181_at','217732_s_at',
         '214612_x_at','202813_at','200875_s_at','201292_at','222680_s_at','233437_at',
         '223381_at','209026_x_at','221606_s_at','231738_at','230034_x_at','213007_at',
         '242180_at','202322_s_at','208904_s_at','214150_x_at','238116_at','208732_at',
         '200701_at','208667_s_at','208747_s_at','218662_s_at','211963_s_at','201555_at',
         '207618_s_at','200933_x_at','221826_at','218355_at','219510_at','218365_s_at',
         '222713_s_at','222154_s_at','228416_at','201102_s_at','203145_at','238780_s_at',
         '202884_s_at','201398_s_at','212055_at','202107_s_at')

f80 <-  c("202768_at","230292_at","217513_at","1564423_a_at","211302_s_at","233909_at",
          "215671_at","208869_s_at","1552542_s_at","1561060_at","1557633_at","223961_s_at",
          "202340_x_at","226499_at","242548_x_at","228984_at","229388_at","1552519_at",
          "239343_at","212960_at","236986_at","223643_at","203708_at","221223_x_at",
          "213658_at","238801_at","235670_at","225582_at","227524_at","239082_at",
          "223377_x_at","216215_s_at","212050_at","200673_at","223250_at","227893_at",
          "223215_s_at","226399_at", "201754_at","219110_at","201652_at","200642_at","209251_x_at","200014_s_at",
          "200039_s_at","201252_at","226924_at","225638_at","235346_at","211069_s_at",
          "202244_at","201400_at","202596_at","202243_s_at","218351_at","223480_s_at",
          "209503_s_at","212626_x_at","203396_at","200882_s_at","201157_s_at","200786_at",
          "209628_at","204587_at","210460_s_at","200830_at","202690_s_at","211609_x_at",
          "218566_s_at","212296_at","217933_s_at","201114_x_at","205687_at","210334_x_at",
          "229417_at","238996_x_at","236554_x_at","229856_s_at","214752_x_at","208576_s_at")

f17 <-  c("200638_s_at","1557277_a_at","200850_s_at","201897_s_at","202729_s_at","203432_at",
          "204016_at","205235_s_at","206364_at","206513_at","211576_s_at","213607_x_at",
          "213628_at","218924_s_at","219918_s_at","220789_s_at","242488_at")

f100 <-  c("204944_at","210394_x_at","225105_at","204430_s_at","227126_at",
           "221601_s_at","206626_x_at","211425_x_at","210497_x_at","211674_x_at",
           "218695_at","216471_x_at","203828_s_at","226219_at","232231_at",
           "225548_at","205718_at","221602_s_at","220565_at","209942_x_at",
           "218529_at","207666_x_at","212281_s_at","223743_s_at","241224_x_at",
           "225213_at","223625_at","227212_s_at","214612_x_at","212680_x_at",
           "224579_at","225400_at","218826_at","206640_x_at","229826_at",
           "212750_at","220448_at","208416_s_at","205592_at","223670_s_at",
           "210746_s_at","201131_s_at","227654_at","211820_x_at","205838_at",
           "208335_s_at","209930_s_at","209301_at","215811_at","205268_s_at",
           "232232_s_at","223669_at","202219_at","205950_s_at","205837_s_at",
           "211821_x_at","210395_x_at","219672_at","206488_s_at","215819_s_at",
           "205671_s_at","210504_at","216054_x_at","236981_at","226751_at",
           "235916_at","204249_s_at","205033_s_at","206937_at","242197_x_at",
           "210036_s_at","210215_at","208352_x_at","210986_s_at","217865_at",
           "37986_at","200934_at","210430_x_at","214464_at","206093_x_at","203662_s_at",
           "210586_x_at","209555_s_at","215449_at","202201_at","206283_s_at","221627_at",
           "206145_at","206077_at","205390_s_at","205391_x_at","208886_at","237403_at",
           "225061_at","216333_x_at","208353_x_at","213451_x_at","207087_x_at","209160_at","205262_at")

f6 <- c("203755_at", "203213_at", "200608_s_at", "216326_s_at", "218034_at", 
         "217731_s_at")

meanvarstandardize<-function(testdata, traindata = ""){
  
  if ("matrix" %in% class(traindata)){traindata=testdata}
  
  inters <- intersect(colnames(traindata),colnames(testdata))
  trainmean <- colMeans(traindata[,inters])
  trainsd <- apply(traindata[,inters], 2, sd)
  
  testdata <- t(t(testdata[,inters]) - trainmean)
  testdata <- t(t(testdata)/trainsd)
  return(testdata)
}


